Latitude: -4.934012393675857e-05
Longitude: 0.0006301127398791653
Altitude: 2.3700966835021973
