Latitude: -4.934743157036792e-05
Longitude: 0.0005844206682068179
Altitude: 2.3701224327087402
