Latitude: -4.934349504992497e-05
Longitude: 0.0006146478617510804
Altitude: 2.3699302673339844
