Latitude: -4.940733205671677e-05
Longitude: 0.00013859842565917208
Altitude: 2.401578664779663
