Latitude: -4.940733205671677e-05
Longitude: 0.00014699356517414093
Altitude: 2.4015886783599854
