Latitude: -4.9401780643165694e-05
Longitude: 0.0006354928857622422
Altitude: 2.401801109313965
