Latitude: -4.938738807425125e-05
Longitude: 0.00029417104675033074
Altitude: 2.3704490661621094
