Latitude: -4.939831102035441e-05
Longitude: 0.0008655038029762068
Altitude: 2.402118444442749
