Latitude: -4.940271016096176e-05
Longitude: 0.0005731227113860437
Altitude: 2.401794672012329
