Latitude: -4.940145510090588e-05
Longitude: 0.0006566475554989329
Altitude: 2.4018030166625977
