Latitude: -4.938037599799827e-05
Longitude: 0.00034574498221937483
Altitude: 2.3704001903533936
