Latitude: -4.940734061165131e-05
Longitude: 0.00011678098693553779
Altitude: 2.4817137718200684
