Latitude: -4.940931532360082e-05
Longitude: 0.00011691996084433397
Altitude: 2.370575428009033
