Latitude: -4.936714425696209e-05
Longitude: 0.00045099488707176877
Altitude: 2.3701772689819336
