Latitude: -4.940035852030178e-05
Longitude: 0.0007211808636487352
Altitude: 2.401808261871338
