Latitude: -4.9354336596252324e-05
Longitude: 0.0005394436328015008
Altitude: 2.3701164722442627
