Latitude: -4.940530597252746e-05
Longitude: 0.00011973054580504617
Altitude: 2.3723881244659424
