Latitude: -4.9346497789315436e-05
Longitude: 0.0005922012195549066
Altitude: 2.3700766563415527
