Latitude: -4.940650964613269e-05
Longitude: 0.0002833710212282283
Altitude: 2.401749610900879
