Latitude: -4.940507893991253e-05
Longitude: 0.0004178401090184998
Altitude: 2.4017715454101562
