Latitude: -4.94054858677373e-05
Longitude: 0.0003903378389805016
Altitude: 2.401766061782837
