Latitude: -4.9351008300391186e-05
Longitude: 0.0005615399874139698
Altitude: 2.3700637817382812
