Latitude: -4.939898779809937e-05
Longitude: 0.000831593895085869
Altitude: 2.4019217491149902
