Latitude: -4.940659958663218e-05
Longitude: 0.00027469120879898323
Altitude: 2.4017536640167236
