Latitude: -4.9385409113256173e-05
Longitude: 0.0003131532618150838
Altitude: 2.370314359664917
