Latitude: -4.940716073065232e-05
Longitude: 0.00022051987821760524
Altitude: 2.40171480178833
