Latitude: -4.9341957264914527e-05
Longitude: 0.0006223586434337002
Altitude: 2.3699936866760254
