Latitude: -4.937332961674201e-05
Longitude: 0.0004009060928265732
Altitude: 2.370265007019043
