Latitude: -4.9345439748549325e-05
Longitude: 0.0005997714338663313
Altitude: 2.3700478076934814
