Latitude: -4.939939044845687e-05
Longitude: 0.00019450850642889706
Altitude: 2.370206594467163
