Latitude: -4.937517151404336e-05
Longitude: 0.0003938236836172848
Altitude: 2.3701281547546387
