Latitude: -4.938725101055752e-05
Longitude: 0.00030049897721471335
Altitude: 2.3703410625457764
