Latitude: -4.939225412670112e-05
Longitude: 0.00024085847246396752
Altitude: 2.3706777095794678
