Latitude: -4.9406209782887345e-05
Longitude: 0.00031464258373597916
Altitude: 2.401766777038574
