Latitude: -4.935980233256032e-05
Longitude: 0.0005018723938024415
Altitude: 2.3700814247131348
