Latitude: -4.940575145440107e-05
Longitude: 0.00015219628844279496
Altitude: 2.3707845211029053
