Latitude: -4.940871134806457e-05
Longitude: 0.00013683632182297782
Altitude: 2.370850086212158
