Latitude: -4.9398936397437865e-05
Longitude: 0.0008208873355571685
Altitude: 2.40187406539917
