Latitude: -4.9384411056507815e-05
Longitude: 0.0003196270026559743
Altitude: 2.370325803756714
