Latitude: -4.940674951114943e-05
Longitude: 0.0002608756499238537
Altitude: 2.401740550994873
