Latitude: -4.938809485111051e-05
Longitude: 0.00028172865838101466
Altitude: 2.3705384731292725
