Latitude: -4.940247457341229e-05
Longitude: 0.00011740996766602152
Altitude: 2.371774911880493
