Latitude: -4.9407319210104106e-05
Longitude: 0.0001962032307932209
Altitude: 2.4017162322998047
