Latitude: -4.937920232350734e-05
Longitude: 0.0003662095627992815
Altitude: 2.3701703548431396
