Latitude: -4.9407327765038644e-05
Longitude: 0.00012863162676569228
Altitude: 2.4014413356781006
