Latitude: -4.9407327765038644e-05
Longitude: 0.00012090929676418097
Altitude: 2.401263475418091
