Latitude: -4.937195890875046e-05
Longitude: 0.0004150234157852582
Altitude: 2.3702454566955566
