Latitude: -4.938323738201689e-05
Longitude: 0.0003340292298379934
Altitude: 2.3701319694519043
