Latitude: -4.939154308658544e-05
Longitude: 0.0002641225608708129
Altitude: 2.3702170848846436
