Latitude: -4.940041850431953e-05
Longitude: 0.0001807701705111026
Altitude: 2.370786666870117
