Latitude: -4.9363486155584724e-05
Longitude: 0.00047989162518291285
Altitude: 2.370022773742676
