Latitude: -4.940733205671677e-05
Longitude: 0.00015582821760015472
Altitude: 2.4016501903533936
