Latitude: -4.939304230333619e-05
Longitude: 0.0002582387780656357
Altitude: 2.3701095581054688
