Latitude: -4.9402123323716296e-05
Longitude: 0.0006124985722529429
Altitude: 2.401798963546753
