Latitude: -4.940628689098503e-05
Longitude: 0.0003053667135654936
Altitude: 2.4017605781555176
