Latitude: -4.9406428260567736e-05
Longitude: 0.00014859167088827348
Altitude: 2.370795488357544
