Latitude: -4.9406813758423596e-05
Longitude: 0.0002541616560748089
Altitude: 2.4017367362976074
