Latitude: -4.939882502696946e-05
Longitude: 0.0008423586416931384
Altitude: 2.401984691619873
