Latitude: -4.9399566080410295e-05
Longitude: 0.0007626982009078157
Altitude: 2.401811122894287
