Latitude: -4.940702365274774e-05
Longitude: 0.00023321946512531847
Altitude: 2.401721954345703
