Latitude: -4.9399082030276986e-05
Longitude: 0.0008092699323604116
Altitude: 2.401839256286621
