Latitude: -4.9407327765038644e-05
Longitude: 0.0001255991393154203
Altitude: 2.4014010429382324
