Latitude: -4.940614553561318e-05
Longitude: 0.0003210182152683051
Altitude: 2.4017648696899414
