Latitude: -4.940348547677331e-05
Longitude: 0.00016369606670010102
Altitude: 2.3707406520843506
