Latitude: -4.9349564761769216e-05
Longitude: 0.0005691950493146386
Altitude: 2.370116710662842
