Latitude: -4.9362389574980625e-05
Longitude: 0.0004875780765794409
Altitude: 2.370009660720825
