Latitude: -4.9389388465215234e-05
Longitude: 0.00026995557562127883
Altitude: 2.370432138442993
