Latitude: -4.940667668051901e-05
Longitude: 0.0002677331410588273
Altitude: 2.4017457962036133
