Latitude: -4.940733205671677e-05
Longitude: 0.00014241064737667336
Altitude: 2.4015676975250244
