Latitude: -4.9399955884155133e-05
Longitude: 0.0007430053358811306
Altitude: 2.4018096923828125
