Latitude: -4.9393719095292e-05
Longitude: 0.0002247335924906319
Altitude: 2.3706424236297607
