Latitude: -4.9407319210104106e-05
Longitude: 0.00020210270834632776
Altitude: 2.4017059803009033
