Latitude: -4.9376679328361206e-05
Longitude: 0.00038686902554398265
Altitude: 2.3700172901153564
