Latitude: -4.940330985903074e-05
Longitude: 0.0005327823088816434
Altitude: 2.401789903640747
