Latitude: -4.9344364597914137e-05
Longitude: 0.0006074792685002133
Altitude: 2.370004892349243
