Latitude: -4.9407327765038644e-05
Longitude: 0.00013498352770207657
Altitude: 2.401581287384033
