Latitude: -4.9406967974618965e-05
Longitude: 0.00023912360312759222
Altitude: 2.4017276763916016
