Latitude: -4.937682068373306e-05
Longitude: 0.0003803552939370793
Altitude: 2.3701839447021484
