Latitude: -4.937044684538705e-05
Longitude: 0.0004293380196693382
Altitude: 2.3701581954956055
