Latitude: -4.940734490332943e-05
Longitude: 0.00011678098693553779
Altitude: 2.403789520263672
