Latitude: -4.9372605730013674e-05
Longitude: 0.0004079880222837415
Altitude: 2.3702545166015625
