Latitude: -4.939971171324942e-05
Longitude: 0.0001853878360692703
Altitude: 2.3706958293914795
