Latitude: -4.9405224586962504e-05
Longitude: 0.00040856273105563666
Altitude: 2.4017693996429443
