Latitude: -4.940436787137514e-05
Longitude: 0.00046420499877130683
Altitude: 2.401780366897583
