Latitude: -4.940301428746352e-05
Longitude: 0.0005528763837527831
Altitude: 2.401792287826538
