Latitude: -4.939543677551228e-05
Longitude: 0.00020924213952189328
Altitude: 2.370548725128174
