Latitude: -4.940576000933561e-05
Longitude: 0.00036437642994830306
Altitude: 2.401766777038574
