Latitude: -4.9402740131654355e-05
Longitude: 0.00016754666002020974
Altitude: 2.370696544647217
