Latitude: -4.9379570683072416e-05
Longitude: 0.00035251699180694564
Altitude: 2.3704190254211426
