Latitude: -4.947977890878974e-05
Longitude: 0.000116756716618461
Altitude: 2.38706111907959
