Latitude: -4.940453067092676e-05
Longitude: 0.00045322816745893584
Altitude: 2.40177845954895
