Latitude: -4.9401335175502936e-05
Longitude: 0.0006653446390045023
Altitude: 2.401803731918335
