Latitude: -4.9407327765038644e-05
Longitude: 0.0001322600263181683
Altitude: 2.4015567302703857
