Latitude: -4.940226895655542e-05
Longitude: 0.0006024302201160362
Altitude: 2.4017977714538574
