Latitude: -4.9395064124269084e-05
Longitude: 0.0002142550351570184
Altitude: 2.370558261871338
