Latitude: -4.939695313055381e-05
Longitude: 0.00019937237049470776
Altitude: 2.370436668395996
