Latitude: -4.935631983471467e-05
Longitude: 0.0005244343821154957
Altitude: 2.370140314102173
