Latitude: -4.934859239824618e-05
Longitude: 0.0005767436062446408
Altitude: 2.370109796524048
