Latitude: -4.940733205671677e-05
Longitude: 0.00016050429297894705
Altitude: 2.401780843734741
