Latitude: -4.940019574917187e-05
Longitude: 0.00011844974471636013
Altitude: 2.3727221488952637
