Latitude: -4.9405580099914914e-05
Longitude: 0.0003816183441973209
Altitude: 2.401768207550049
