Latitude: -4.936955160417256e-05
Longitude: 0.0004361439203173946
Altitude: 2.3701319694519043
