Latitude: -4.940020430410641e-05
Longitude: 0.0007298881590208614
Altitude: 2.401808977127075
