Latitude: -4.941184685947064e-05
Longitude: 0.00012650342922683575
Altitude: 2.3706324100494385
