Latitude: -4.9401622149503055e-05
Longitude: 0.0006460501738455683
Altitude: 2.4018020629882812
