Latitude: -4.9365555071290146e-05
Longitude: 0.00046550862235370715
Altitude: 2.3700811862945557
