Latitude: -4.937119645376242e-05
Longitude: 0.00042208927354640244
Altitude: 2.3702104091644287
