Latitude: -4.935882141410275e-05
Longitude: 0.0005093046108433145
Altitude: 2.370070457458496
