Latitude: -4.939210420218387e-05
Longitude: 0.00024691491463037506
Altitude: 2.370605945587158
