Latitude: -4.9404213655179774e-05
Longitude: 0.0004739495867631496
Altitude: 2.4017817974090576
