Latitude: -4.9405999902774056e-05
Longitude: 0.0003374117221608993
Altitude: 2.4017696380615234
