Latitude: -4.939592510311286e-05
Longitude: 0.00020432497156873638
Altitude: 2.3704993724823
