Latitude: -4.9404059467406114e-05
Longitude: 0.00048364578832687746
Altitude: 2.4017834663391113
