Latitude: -4.938218791039617e-05
Longitude: 0.0003390804713747195
Altitude: 2.3702383041381836
