Latitude: -4.940239747952546e-05
Longitude: 0.0005936534292225098
Altitude: 2.40179705619812
