Latitude: -4.941406572811502e-05
Longitude: 0.00012293576971956778
Altitude: 2.370723009109497
