Latitude: -4.936631324881091e-05
Longitude: 0.00045815964230567493
Altitude: 2.370149850845337
