Latitude: -4.9352610332675795e-05
Longitude: 0.0005539579506395851
Altitude: 2.3700010776519775
