Latitude: -4.9407010806135077e-05
Longitude: 0.00014521358200447006
Altitude: 2.370845317840576
