Latitude: -4.9405378774736164e-05
Longitude: 0.0003981158544959554
Altitude: 2.401766777038574
