Latitude: -4.940734061165131e-05
Longitude: 0.00017496450163148348
Altitude: 2.4017465114593506
