Latitude: -4.9405909962274563e-05
Longitude: 0.00034743576576271197
Altitude: 2.401768207550049
