Latitude: -4.9394708582894964e-05
Longitude: 0.00021950778971819925
Altitude: 2.3705971240997314
