Latitude: -4.9407327765038644e-05
Longitude: 0.00012441810953371494
Altitude: 2.4013266563415527
