Latitude: -4.940102246564493e-05
Longitude: 0.00011680492313953091
Altitude: 2.3695473670959473
