Latitude: -4.940730636349144e-05
Longitude: 0.00020690562675887894
Altitude: 2.401707649230957
