Latitude: -4.939974598983099e-05
Longitude: 0.0007533188413514185
Altitude: 2.401810646057129
