Latitude: -4.9338594720893525e-05
Longitude: 0.0006418001868854597
Altitude: 2.37005615234375
