Latitude: -4.940114239104787e-05
Longitude: 0.000676206364076053
Altitude: 2.4018046855926514
