Latitude: -4.940606415004822e-05
Longitude: 0.0003306056501728
Altitude: 2.4017677307128906
