Latitude: -4.940112098950067e-05
Longitude: 0.0001761857277872532
Altitude: 2.3706817626953125
