Latitude: -4.9388548902129514e-05
Longitude: 0.00027564430492161874
Altitude: 2.3704938888549805
