Latitude: -4.9406368276549983e-05
Longitude: 0.00029746009021383905
Altitude: 2.4017531871795654
