Latitude: -4.94064411071804e-05
Longitude: 0.0002906959280002331
Altitude: 2.4017505645751953
