Latitude: -4.940056840041507e-05
Longitude: 0.0007103428520391219
Altitude: 2.4018075466156006
