Latitude: -4.9355351777080614e-05
Longitude: 0.0005316109940803705
Altitude: 2.3701257705688477
