Latitude: -4.940393954200317e-05
Longitude: 0.00011680308123406974
Altitude: 2.3703744411468506
