Latitude: -4.94019434142956e-05
Longitude: 0.0006246160827669163
Altitude: 2.4017999172210693
