Latitude: -4.9360971743794835e-05
Longitude: 0.000494655448391468
Altitude: 2.370049238204956
