Latitude: -4.940733205671677e-05
Longitude: 0.00016512888067484792
Altitude: 2.401794910430908
