Latitude: -4.9399339047795365e-05
Longitude: 0.0007739382447940896
Altitude: 2.4018118381500244
