Latitude: -4.9404680567022297e-05
Longitude: 0.0004436903526308648
Altitude: 2.4017767906188965
