Latitude: -4.940759335170242e-05
Longitude: 0.00013190333918386123
Altitude: 2.3711252212524414
