Latitude: -4.938624866213104e-05
Longitude: 0.00030689671161257336
Altitude: 2.3703246116638184
