Latitude: -4.9401904874457614e-05
Longitude: 0.00017187955842707766
Altitude: 2.3706917762756348
