Latitude: -4.940480052084695e-05
Longitude: 0.0004362404532975645
Altitude: 2.401775360107422
