Latitude: -4.940733205671677e-05
Longitude: 0.00015059643506022487
Altitude: 2.4015884399414062
