Latitude: -4.940734061165131e-05
Longitude: 0.00018016487754154978
Altitude: 2.401728630065918
