Latitude: -4.936817659029202e-05
Longitude: 0.00044330785311909483
Altitude: 2.370187997817993
