Latitude: -4.9421660378357046e-05
Longitude: 0.00011678102977054851
Altitude: 2.3625011444091797
