Latitude: -4.940709219170003e-05
Longitude: 0.00022657445277754517
Altitude: 2.401719570159912
