Latitude: -4.9408154495722556e-05
Longitude: 0.0001391440580257871
Altitude: 2.3708813190460205
