Latitude: -4.9400761184870134e-05
Longitude: 0.0006994339056517479
Altitude: 2.401806592941284
