Latitude: -4.94042479459722e-05
Longitude: 0.00015974146997395198
Altitude: 2.370746612548828
