Latitude: -4.940638541484077e-05
Longitude: 0.00011680063107145626
Altitude: 2.3702964782714844
