Latitude: -4.940733205671677e-05
Longitude: 0.00016905417825366104
Altitude: 2.4017791748046875
