Latitude: -4.9379677761862695e-05
Longitude: 0.0003594117836692586
Altitude: 2.370265245437622
