Latitude: -4.935381400628103e-05
Longitude: 0.0005468214665127574
Altitude: 2.3699777126312256
