Latitude: -4.9407494827846676e-05
Longitude: 0.00014218004081293425
Altitude: 2.37087345123291
