Latitude: -4.938715248670178e-05
Longitude: 0.00028794914150449466
Altitude: 2.3706068992614746
