Latitude: -4.941108012701534e-05
Longitude: 0.00012119208493798526
Altitude: 2.3716039657592773
