Latitude: -4.940722497792649e-05
Longitude: 0.00021411467339387474
Altitude: 2.4017093181610107
