Latitude: -4.940886556425994e-05
Longitude: 0.00012854364365366314
Altitude: 2.370997190475464
