Latitude: -4.939345352283908e-05
Longitude: 0.0002352827590559245
Altitude: 2.3705735206604004
