Latitude: -4.9399848791154e-05
Longitude: 0.0001899663161596268
Altitude: 2.3703808784484863
