Latitude: -4.93991034602459e-05
Longitude: 0.0007866869720261066
Altitude: 2.401812791824341
