Latitude: -4.940734061165131e-05
Longitude: 0.00018547429425491764
Altitude: 2.4017274379730225
