Latitude: -4.940531024999473e-05
Longitude: 0.00011679836081588784
Altitude: 2.3669285774230957
