Latitude: -4.9398585161952724e-05
Longitude: 0.0008539900947734131
Altitude: 2.402053117752075
