Latitude: -4.940362254046704e-05
Longitude: 0.0005123641614533626
Altitude: 2.401787281036377
