Latitude: -4.9405678623770655e-05
Longitude: 0.00037166828522603243
Altitude: 2.4017672538757324
