Latitude: -4.9377951526707875e-05
Longitude: 0.0003730302329590359
Altitude: 2.370194911956787
