Latitude: -4.9403189919416945e-05
Longitude: 0.0005409685591833107
Altitude: 2.4017910957336426
