Latitude: -4.940097534245069e-05
Longitude: 0.0006864619566118408
Altitude: 2.4018054008483887
