Latitude: -4.9383494371113557e-05
Longitude: 0.0003269907864837131
Altitude: 2.3702900409698486
