Latitude: -4.9405018984316484e-05
Longitude: 0.00015591150599500843
Altitude: 2.370757579803467
