Latitude: -4.940391383456699e-05
Longitude: 0.0004931889832322956
Altitude: 2.401784658432007
