Latitude: -4.940732350178223e-05
Longitude: 0.00011710498238965953
Altitude: 2.401646137237549
