Latitude: -4.940377675666241e-05
Longitude: 0.0005016238136682022
Altitude: 2.4017858505249023
