Latitude: -4.939258396063906e-05
Longitude: 0.00025277136869870974
Altitude: 2.370391845703125
