Latitude: -4.941390295698511e-05
Longitude: 0.00012467966010920177
Altitude: 2.370400905609131
