Latitude: -4.9407327765038644e-05
Longitude: 0.0001905942260148424
Altitude: 2.401745319366455
