Latitude: -4.940254738983185e-05
Longitude: 0.0005833909830850061
Altitude: 2.4017958641052246
