Latitude: -4.940348118509519e-05
Longitude: 0.0005211120644156562
Altitude: 2.4017884731292725
