Latitude: -4.935773769432217e-05
Longitude: 0.0005170341713946363
Altitude: 2.3700716495513916
