Latitude: -4.946314606968372e-05
Longitude: 0.00011674790974025593
Altitude: 2.3565590381622314
