Latitude: -4.9406890880732135e-05
Longitude: 0.0002470747063543836
Altitude: 2.4017317295074463
