Latitude: -4.9407327765038644e-05
Longitude: 0.00011892355133699148
Altitude: 2.401294708251953
