Latitude: -4.940806881847948e-05
Longitude: 0.0001334851161919054
Altitude: 2.3709912300109863
