Latitude: -4.9404941862007945e-05
Longitude: 0.0004265164946468868
Altitude: 2.401773452758789
