Latitude: -4.9364501336413014e-05
Longitude: 0.0004727341690348342
Altitude: 2.370056629180908
