Latitude: -4.933901021786369e-05
Longitude: 0.0006384269126568617
Altitude: 2.3700873851776123
