Latitude: -4.9393950391163344e-05
Longitude: 0.00023016404381030433
Altitude: 2.370572328567505
