Latitude: -4.9402864362946275e-05
Longitude: 0.0005630151909153302
Altitude: 2.4017937183380127
