Latitude: -4.939909490531136e-05
Longitude: 0.0007989047507331851
Altitude: 2.4018185138702393
