Latitude: -4.940583713164415e-05
Longitude: 0.0003557807112121133
Altitude: 2.4017672538757324
