Latitude: -4.9496081913957823e-05
Longitude: 0.0001167311869520689
Altitude: 2.357156991958618
