Latitude: 1.3170083434488333e-05
Longitude: -0.0001292355490149019
Altitude: 2.3700287342071533
