Latitude: 1.3391134601192789e-05
Longitude: 0.00023234414024815526
Altitude: 2.370408773422241
