Latitude: 1.3404792539972732e-05
Longitude: 0.00025647337593361557
Altitude: 2.3705296516418457
