Latitude: 1.3274771120563855e-05
Longitude: 3.928159385879664e-05
Altitude: 2.3701021671295166
