Latitude: 1.3360520412675214e-05
Longitude: 0.00018091846531823253
Altitude: 2.3702921867370605
