Latitude: 1.3481083840360952e-05
Longitude: 0.0003868672436075365
Altitude: 2.3709261417388916
