Latitude: 1.3279349133199503e-05
Longitude: 4.684027698533417e-05
Altitude: 2.3701133728027344
