Latitude: 1.3476953469648834e-05
Longitude: 0.0003801011966534586
Altitude: 2.3709607124328613
