Latitude: 1.3472883082954468e-05
Longitude: 0.0003719814262884364
Altitude: 2.3706555366516113
