Latitude: 1.3426853641362868e-05
Longitude: 0.0002958247865763929
Altitude: 2.370715856552124
