Latitude: 1.334036011257922e-05
Longitude: 0.00014734032315296195
Altitude: 2.370267629623413
