Latitude: 1.3301885715577555e-05
Longitude: 8.368272539541935e-05
Altitude: 2.37016224861145
