Latitude: 1.3458336297844653e-05
Longitude: 0.00034697253082272754
Altitude: 2.3707427978515625
