Latitude: 1.3383915813847125e-05
Longitude: 0.000219872315659469
Altitude: 2.370337963104248
