Latitude: 1.3418940952192315e-05
Longitude: 0.00027956518192732505
Altitude: 2.3704466819763184
