Latitude: 1.3446715158238476e-05
Longitude: 0.0003249618119636999
Altitude: 2.3705077171325684
