Latitude: 1.3348764341003516e-05
Longitude: 0.00016097379896450162
Altitude: 2.370244026184082
