Latitude: 1.3190874483370862e-05
Longitude: -9.602477703561318e-05
Altitude: 2.370039701461792
