Latitude: 1.3473821155685073e-05
Longitude: 0.0003735057015780834
Altitude: 2.370673656463623
