Latitude: 1.347842592736015e-05
Longitude: 0.0003847326893530883
Altitude: 2.371135711669922
