Latitude: 1.3256537343409036e-05
Longitude: 9.784514505339559e-06
Altitude: 2.370107650756836
