Latitude: 1.3200383861544651e-05
Longitude: -8.092103231594867e-05
Altitude: 2.370028257369995
