Latitude: 1.3528404750218215e-05
Longitude: 0.00039529025158048303
Altitude: 2.356771230697632
