Latitude: 1.3465995195360847e-05
Longitude: 0.00039427180636548547
Altitude: 2.372445583343506
