Latitude: 1.3238061541187562e-05
Longitude: -2.023350497280012e-05
Altitude: 2.370068073272705
