Latitude: 1.3214636126690493e-05
Longitude: -5.78898078779076e-05
Altitude: 2.3700578212738037
