Latitude: 1.3380103496274387e-05
Longitude: 0.00021360968288543558
Altitude: 2.370356321334839
