Latitude: 1.3368808993163839e-05
Longitude: 0.00019411889630534677
Altitude: 2.3702595233917236
