Latitude: 1.3310589778825488e-05
Longitude: 9.796520302145562e-05
Altitude: 2.3701601028442383
