Latitude: 1.3352872230143475e-05
Longitude: 0.00016775841917922985
Altitude: 2.3702383041381836
