Latitude: 1.3288752498397116e-05
Longitude: 6.17400927859391e-05
Altitude: 2.3700881004333496
