Latitude: 1.3460538028198243e-05
Longitude: 0.00035092592816857626
Altitude: 2.370795488357544
