Latitude: 1.342266438086881e-05
Longitude: 0.0002897424206614946
Altitude: 2.370774269104004
