Latitude: 1.34018476245501e-05
Longitude: 0.0002508775814725447
Altitude: 2.370455503463745
