Latitude: 1.3376132699249865e-05
Longitude: 0.0002072014110749372
Altitude: 2.3703508377075195
