Latitude: 1.3431268868657753e-05
Longitude: 0.000300977529954533
Altitude: 2.3704798221588135
