Latitude: 1.3455945037321726e-05
Longitude: 0.00034281006435653224
Altitude: 2.3707051277160645
