Latitude: 1.3205112864511648e-05
Longitude: -7.321546793763512e-05
Altitude: 2.3700506687164307
