Latitude: 1.3228757779870648e-05
Longitude: -3.533265992106545e-05
Altitude: 2.370046615600586
