Latitude: 1.345098795013655e-05
Longitude: 0.00033418206515626014
Altitude: 2.370706081390381
