Latitude: 1.3394530341770405e-05
Longitude: 0.0002385680159044847
Altitude: 2.3704512119293213
