Latitude: 1.3387714218993096e-05
Longitude: 0.000226094512183378
Altitude: 2.370337724685669
