Latitude: 1.3171535556466551e-05
Longitude: -0.00012699958715606342
Altitude: 2.370025157928467
