Latitude: 1.3552725377508068e-05
Longitude: 0.0003953043357320094
Altitude: 2.3559951782226562
