Latitude: 1.3185831733153464e-05
Longitude: -0.00010409490162320505
Altitude: 2.370034694671631
