Latitude: 1.3233305779181137e-05
Longitude: -2.7828809891756993e-05
Altitude: 2.3700668811798096
