Latitude: 1.3471873231196696e-05
Longitude: 0.0003952401517519391
Altitude: 2.367279052734375
