Latitude: 1.3462769715033573e-05
Longitude: 0.00035479036576415134
Altitude: 2.370800495147705
