Latitude: 1.3466481377122363e-05
Longitude: 0.0003619619745997735
Altitude: 2.370820999145508
