Latitude: 1.3474109223921005e-05
Longitude: 0.0003950858429093033
Altitude: 2.370851755142212
