Latitude: 1.3474587902351232e-05
Longitude: 0.00039523980907185327
Altitude: 2.3703770637512207
