Latitude: 1.3398420819044077e-05
Longitude: 0.0002449446240750552
Altitude: 2.3704490661621094
