Latitude: 1.3468749500589183e-05
Longitude: 0.000395234771674592
Altitude: 2.3696846961975098
