Latitude: 1.3464739069490861e-05
Longitude: 0.00035845039468854667
Altitude: 2.3707804679870605
