Latitude: 1.3315045691797422e-05
Longitude: 0.00010504642998444803
Altitude: 2.3701529502868652
