Latitude: 1.3181014949736891e-05
Longitude: -0.00011191308781171677
Altitude: 2.370023727416992
