Latitude: 1.3292498422856625e-05
Longitude: 6.81355440777275e-05
Altitude: 2.370133876800537
