Latitude: 1.3475686628794392e-05
Longitude: 0.00037739817040467684
Altitude: 2.370880126953125
