Latitude: 1.3306333045193242e-05
Longitude: 9.088114038075322e-05
Altitude: 2.3701536655426025
