Latitude: 1.344477365705643e-05
Longitude: 0.0003203527990776987
Altitude: 2.3703219890594482
