Latitude: 1.3477481402901503e-05
Longitude: 0.0003824348823057651
Altitude: 2.3710885047912598
