Latitude: 1.3470530362269528e-05
Longitude: 0.0003687140744743593
Altitude: 2.370770215988159
