Latitude: 1.3479156265816528e-05
Longitude: 0.00039075422955275717
Altitude: 2.3710672855377197
