Latitude: 1.3323607348070254e-05
Longitude: 0.00011898479683532609
Altitude: 2.3701624870300293
