Latitude: 1.3434284440450028e-05
Longitude: 0.00030570079238114
Altitude: 2.370453357696533
