Latitude: 1.343631694794567e-05
Longitude: 0.00031045979634069593
Altitude: 2.3705825805664062
