Latitude: 1.3332147560163321e-05
Longitude: 0.00013326765997645888
Altitude: 2.3702147006988525
