Latitude: 1.3411264916385335e-05
Longitude: 0.0002680552603394793
Altitude: 2.370558500289917
