Latitude: 1.3466731957123557e-05
Longitude: 0.00039315696524235233
Altitude: 2.3726868629455566
