Latitude: 1.3176555810900936e-05
Longitude: -0.000119067271364976
Altitude: 2.3700084686279297
