Latitude: 1.3219221628446576e-05
Longitude: -5.044829135620616e-05
Altitude: 2.3700649738311768
