Latitude: 1.329722847742687e-05
Longitude: 7.60631908526459e-05
Altitude: 2.370159387588501
