Latitude: 1.3448819444761284e-05
Longitude: 0.00032978215565861407
Altitude: 2.370807409286499
