Latitude: 1.3472004951609051e-05
Longitude: 0.00039523710189917546
Altitude: 2.370408773422241
