Latitude: 1.3251970074179553e-05
Longitude: 2.3240868618406624e-06
Altitude: 2.3700997829437256
