Latitude: 1.3270546531884975e-05
Longitude: 3.226216496577718e-05
Altitude: 2.370083808898926
