Latitude: 1.3284274089642167e-05
Longitude: 5.4562062982209275e-05
Altitude: 2.370096445083618
