Latitude: 1.3484141177855236e-05
Longitude: 0.0003886454105727526
Altitude: 2.370692014694214
