Latitude: 1.3243166407050921e-05
Longitude: -1.2203561767018837e-05
Altitude: 2.370046615600586
