Latitude: 1.3364745029775804e-05
Longitude: 0.00018757970356806847
Altitude: 2.370267152786255
