Latitude: 1.3541745687462026e-05
Longitude: 0.0003952800054459176
Altitude: 2.390714168548584
