Latitude: 1.3261329527836097e-05
Longitude: 1.7670550279964406e-05
Altitude: 2.3701133728027344
