Latitude: 1.3414720640980704e-05
Longitude: 0.0002738486270040182
Altitude: 2.3705503940582275
