Latitude: 1.3344575066298603e-05
Longitude: 0.00015421698723873606
Altitude: 2.3702614307403564
