Latitude: 1.340855347109482e-05
Longitude: 0.0002627122267096945
Altitude: 2.3705039024353027
