Latitude: 1.3372655573107295e-05
Longitude: 0.0002011732057475996
Altitude: 2.3703231811523438
