Latitude: 1.3570375543281443e-05
Longitude: 0.0003953085164290562
Altitude: 2.3603856563568115
