Latitude: 1.3486916884630773e-05
Longitude: 0.00039525646332402316
Altitude: 2.3629868030548096
