Latitude: 1.3439665579539906e-05
Longitude: 0.0003155285145617978
Altitude: 2.370640754699707
