Latitude: 1.3356543192344361e-05
Longitude: 0.000174167444885917
Altitude: 2.370286464691162
