Latitude: 1.3319390234300954e-05
Longitude: 0.00011200261298413202
Altitude: 2.3701372146606445
