Latitude: 1.3468355405166221e-05
Longitude: 0.00036547499376736063
Altitude: 2.3708624839782715
