Latitude: 1.324742525810052e-05
Longitude: -5.173094291735551e-06
Altitude: 2.370077133178711
