Latitude: 1.320995963283167e-05
Longitude: -6.536255540592863e-05
Altitude: 2.370061159133911
