Latitude: 1.3336240456851556e-05
Longitude: 0.00014017876341085588
Altitude: 2.370234251022339
