Latitude: 1.3265941788631608e-05
Longitude: 2.4993470578346817e-05
Altitude: 2.370096445083618
