Latitude: 1.3482471700854148e-05
Longitude: 0.00038988783149182906
Altitude: 2.370786428451538
