Latitude: 1.319556922396714e-05
Longitude: -8.862425790267664e-05
Altitude: 2.3700315952301025
