Latitude: 1.3453603031621242e-05
Longitude: 0.00033860476287961197
Altitude: 2.3707077503204346
