Latitude: 1.3327995787904001e-05
Longitude: 0.00012640056523208074
Altitude: 2.370194911956787
