Latitude: 1.3421717710571102e-05
Longitude: 0.0002850081239361248
Altitude: 2.3704843521118164
