Latitude: 1.3223973098774877e-05
Longitude: -4.295376222523145e-05
Altitude: 2.370053291320801
