Latitude: 1.3474729271933938e-05
Longitude: 0.0003952795942298146
Altitude: 2.391902208328247
