Latitude: 1.3474729271933938e-05
Longitude: 0.0003952797655698575
Altitude: 2.3912136554718018
