Latitude: 1.3474729271933938e-05
Longitude: 0.0003952794914257889
Altitude: 2.3921074867248535
