Latitude: 1.3474729271933938e-05
Longitude: 0.0003952800397139262
Altitude: 2.390613079071045
