Latitude: 1.3474729271933938e-05
Longitude: 0.0003952803138579948
Altitude: 2.3900058269500732
