Latitude: -2.2457882110415994e-05
Longitude: 0.00011678098693553779
Altitude: 2.401796817779541
