Latitude: -2.2457882110415994e-05
Longitude: 4.491576420597607e-05
Altitude: 2.419745683670044
