Latitude: -4.940734061165131e-05
Longitude: 0.00011676007488330184
Altitude: 2.390566349029541
