Latitude: -4.940734061165131e-05
Longitude: 0.0001167593638221238
Altitude: 2.3891842365264893
