Latitude: -4.940734061165131e-05
Longitude: 0.00011676039186238121
Altitude: 2.3917076587677
