Latitude: -4.940734061165131e-05
Longitude: 0.00011676027192435117
Altitude: 2.391279697418213
