Latitude: -4.940734061165131e-05
Longitude: 0.00011676043469739193
Altitude: 2.391979932785034
